This table lists for each series of the Doppler broadened tables:

	lower quantum number;
	upper quantum number;
	log Delta Alpha Min


Lyman:        Balmer:          Paschen:         Brackett:

1  2  -5.8                                                    
1  3  -5.4    2  3  -3.6                                      
1  4  -5.0    2  4  -3.4       3  4  -2.6                     
1  5  -4.4    2  5  -3.4       3  5  -2.6       4  5  -2.2    
1  6  -4.2    2  6  -3.8       3  6  -2.2       4  6  -2.0    
1  7  -3.8    2  7  -3.8       3  7  -2.0       4  7  -1.6    
1  8  -3.8    2  8  -3.6       3  8  -2.0       4  8  -1.4    
1  9  -3.2    2  9  -3.6       3  9  -1.6       4  9  -1.2    
1 10  -3.4    2 10  -3.6       3 10  -1.4       4 10  -1.0    
1 11  -3.2    2 11  -3.4       3 11  -1.03159   4 11  -1.2    
1 12  -3.0    2 12  -1.77746   3 12  -1.24151   4 12  -1.2    
1 13  -3.0    2 13  -1.78023   3 13  -1.04914   4 13  -0.51052
1 14  -3.8    2 14  -2.58241   3 14  -1.85513   4 14  -1.32224
1 15  -2.8    2 15  -1.58417   3 15  -0.85993   4 15  -0.33156
1 16  -2.8    2 16  -1.58560   3 16  -0.86383   4 16  -0.33910
1 17  -2.8    2 17  -1.58678   3 17  -0.66705   4 17  -0.14530
1 18  -2.6    2 18  -1.38777   3 18  -0.66973   4 18  -0.15046
1 19  -2.8    2 19  -1.58861   3 19  -0.87200   4 19  -0.35479
1 20  -2.6    2 20  -1.38932   3 20  -0.67392   4 20  -0.15848
1 21  -2.6    2 21  -1.38994   3 21  -0.47558   4 21   0.03837
1 22  -2.6    2 22  -1.19047   3 22  -0.47701   4 22  -0.96436
